Search
-----
Total T cases.
You're given N numbers, A_1,A_2,...,A_N .(sorted)
Find number X 's index, or report that it doesn't exist.
-----
1 <= T <= 5
1 <= N <= 1000
-700 <= A_i,X <= 700
i!=j --> A_i!=A_j
-----
N X
A_1 A_2 ... A_N
-----
The index or report '-1'
-----
2
4 -3
-5 -3 2 9
5 1
-13 -7 0 4 12
---
2 -1
-----
5
1000 -507
-700 -699 -698 -697 -696 -695 -694 -693 -691 -690 -689 -685 -683 -682 -681 -678 -677 -676 -675 -674 -673 -672 -671 -670 -669 -667 -666 -665 -663 -662 -661 -660 -659 -657 -655 -654 -653 -652 -651 -650 -648 -647 -646 -645 -644 -641 -640 -639 -638 -637 -636 -635 -634 -633 -632 -631 -630 -629 -627 -624 -623 -622 -621 -620 -618 -617 -616 -615 -614 -613 -612 -611 -610 -609 -608 -605 -604 -603 -601 -600 -599 -598 -597 -593 -591 -590 -589 -588 -587 -585 -584 -582 -581 -580 -577 -576 -575 -573 -572 -571 -569 -568 -566 -565 -564 -563 -562 -560 -559 -558 -557 -556 -555 -554 -553 -552 -551 -550 -549 -548 -546 -545 -544 -543 -541 -540 -538 -537 -536 -535 -534 -533 -532 -531 -529 -528 -527 -524 -522 -520 -519 -518 -516 -514 -512 -508 -507 -503 -502 -500 -499 -498 -497 -495 -493 -492 -489 -486 -485 -484 -483 -480 -478 -477 -476 -475 -474 -473 -471 -469 -467 -466 -465 -464 -463 -461 -460 -459 -458 -457 -456 -455 -454 -453 -452 -448 -447 -446 -445 -444 -443 -442 -441 -440 -438 -435 -434 -433 -432 -431 -430 -428 -427 -426 -425 -423 -422 -421 -420 -419 -418 -417 -416 -413 -412 -411 -410 -409 -408 -407 -406 -405 -404 -403 -401 -399 -398 -397 -396 -394 -391 -390 -386 -384 -381 -380 -378 -377 -376 -375 -373 -372 -371 -370 -369 -368 -367 -366 -362 -361 -360 -359 -358 -356 -355 -354 -353 -352 -350 -349 -348 -347 -346 -345 -344 -343 -342 -341 -340 -339 -336 -335 -334 -332 -331 -330 -329 -325 -324 -321 -320 -319 -318 -317 -315 -313 -312 -311 -307 -306 -305 -304 -303 -301 -300 -299 -297 -296 -295 -290 -289 -288 -287 -286 -284 -283 -282 -280 -279 -277 -274 -273 -272 -271 -270 -269 -268 -267 -266 -265 -264 -263 -262 -261 -260 -259 -257 -255 -254 -253 -250 -248 -247 -246 -245 -244 -243 -242 -241 -240 -236 -235 -232 -231 -230 -229 -228 -224 -223 -222 -221 -220 -218 -217 -215 -214 -213 -212 -211 -210 -208 -207 -205 -204 -203 -199 -198 -197 -196 -194 -193 -192 -191 -188 -186 -185 -183 -178 -177 -175 -173 -172 -170 -169 -168 -167 -166 -164 -163 -162 -161 -159 -155 -152 -149 -146 -144 -143 -142 -141 -140 -138 -137 -136 -133 -132 -131 -130 -129 -128 -127 -126 -125 -121 -120 -119 -117 -116 -115 -114 -113 -112 -109 -108 -107 -106 -105 -104 -103 -102 -101 -100 -99 -98 -97 -96 -94 -91 -90 -88 -87 -86 -85 -84 -83 -82 -80 -79 -78 -77 -75 -74 -73 -72 -71 -70 -69 -68 -67 -66 -65 -64 -63 -62 -61 -60 -59 -58 -57 -55 -54 -53 -52 -51 -50 -49 -48 -46 -45 -43 -42 -41 -40 -39 -38 -37 -35 -33 -32 -31 -30 -29 -28 -27 -26 -25 -23 -22 -20 -19 -17 -12 -11 -9 -7 -4 -3 -2 -1 0 1 3 7 8 10 11 12 13 14 15 19 20 21 23 24 25 26 27 29 34 36 39 40 42 43 45 46 48 49 50 51 52 53 54 55 56 57 58 59 61 63 65 66 67 69 70 71 72 73 75 76 77 79 80 82 84 85 87 88 90 91 92 93 94 96 98 100 103 104 106 108 111 113 115 117 118 119 121 122 123 125 127 128 129 130 131 132 135 136 137 138 139 140 143 144 146 147 148 149 150 152 155 156 157 160 161 162 163 165 166 167 168 170 171 172 175 176 177 178 181 182 183 184 187 188 190 191 193 197 199 202 205 206 207 208 209 210 211 214 216 217 221 222 223 224 226 227 229 230 232 234 236 237 238 239 240 241 242 243 246 248 249 251 252 253 255 258 260 261 263 265 266 267 268 270 271 272 273 274 275 276 277 279 280 281 282 283 284 285 287 288 289 291 294 295 296 297 298 299 301 302 303 305 306 308 309 310 311 312 314 315 316 317 318 319 320 321 326 327 328 329 331 332 334 335 336 337 338 340 342 343 344 345 346 347 349 350 351 352 353 354 355 356 358 359 360 361 362 363 364 367 368 369 370 372 373 374 375 376 377 378 379 382 383 384 385 387 388 389 390 391 392 393 394 395 400 401 402 403 405 406 408 409 410 412 413 414 418 419 421 422 423 424 425 427 430 431 433 434 436 437 438 439 440 441 445 446 447 448 449 450 451 453 454 455 456 458 459 460 461 462 466 467 468 469 470 471 472 473 474 475 476 479 480 482 485 488 491 494 495 499 501 502 503 504 505 508 509 510 511 512 513 516 519 520 521 522 524 525 526 527 528 529 530 531 532 533 535 536 537 538 539 540 542 543 544 546 547 548 549 550 551 552 554 556 557 558 559 561 564 565 566 567 568 569 572 576 577 578 579 580 581 582 584 585 586 587 588 590 591 593 594 595 596 598 600 601 603 604 606 607 608 609 610 611 612 613 614 615 617 619 621 622 624 625 627 629 630 631 634 635 636 637 638 639 640 642 644 645 646 647 648 650 651 652 656 657 658 659 660 661 662 663 664 665 666 667 668 669 671 672 673 674 675 676 678 680 681 682 683 684 685 686 687 689 690 692 693 694 699 
1000 -626
-700 -699 -698 -697 -696 -695 -694 -693 -692 -691 -689 -688 -687 -686 -685 -684 -683 -682 -681 -680 -678 -676 -674 -671 -670 -668 -665 -664 -662 -661 -660 -658 -656 -655 -654 -653 -652 -651 -650 -648 -646 -645 -644 -643 -641 -640 -638 -637 -636 -635 -634 -631 -628 -627 -626 -625 -624 -623 -622 -619 -617 -616 -615 -614 -613 -612 -611 -610 -608 -607 -606 -605 -604 -602 -601 -599 -597 -596 -594 -593 -592 -589 -588 -587 -586 -585 -584 -582 -581 -580 -579 -578 -576 -574 -573 -572 -569 -568 -567 -566 -565 -563 -562 -561 -560 -559 -558 -555 -554 -553 -552 -551 -550 -548 -547 -544 -543 -542 -541 -540 -539 -538 -536 -535 -531 -530 -529 -528 -526 -525 -523 -520 -518 -516 -515 -514 -513 -512 -511 -510 -509 -508 -507 -506 -505 -504 -501 -500 -499 -498 -496 -493 -492 -490 -489 -487 -486 -484 -483 -479 -475 -473 -472 -471 -470 -469 -468 -466 -463 -462 -461 -459 -458 -457 -456 -454 -453 -451 -449 -448 -447 -444 -442 -439 -438 -437 -436 -435 -434 -433 -432 -427 -426 -425 -424 -423 -422 -421 -420 -418 -417 -414 -413 -412 -411 -410 -408 -407 -406 -405 -403 -402 -401 -399 -398 -397 -396 -395 -394 -392 -390 -387 -386 -385 -384 -383 -380 -376 -375 -374 -373 -372 -371 -370 -369 -365 -364 -363 -362 -361 -358 -357 -356 -354 -352 -351 -350 -349 -348 -345 -344 -343 -342 -340 -339 -338 -337 -336 -335 -334 -333 -332 -331 -329 -328 -325 -324 -320 -318 -317 -316 -315 -314 -313 -310 -309 -308 -307 -306 -304 -302 -300 -298 -297 -295 -294 -293 -292 -291 -289 -286 -285 -283 -280 -279 -278 -277 -276 -275 -272 -269 -268 -265 -264 -263 -262 -261 -260 -258 -257 -256 -255 -254 -251 -250 -249 -247 -246 -245 -244 -243 -242 -238 -237 -236 -235 -234 -233 -232 -230 -228 -227 -226 -225 -224 -223 -222 -221 -220 -219 -218 -217 -216 -215 -214 -213 -211 -210 -209 -208 -206 -205 -204 -203 -202 -201 -199 -198 -197 -196 -191 -190 -189 -186 -184 -183 -182 -181 -180 -179 -178 -177 -176 -175 -173 -172 -170 -169 -168 -167 -166 -165 -164 -163 -161 -158 -156 -155 -153 -149 -148 -147 -146 -145 -144 -143 -142 -141 -140 -138 -137 -136 -135 -134 -133 -132 -131 -130 -129 -128 -127 -125 -123 -121 -120 -119 -118 -117 -116 -115 -114 -112 -111 -110 -109 -107 -106 -104 -103 -102 -101 -100 -99 -98 -94 -93 -92 -91 -89 -87 -86 -84 -83 -82 -80 -79 -78 -77 -76 -73 -69 -65 -64 -63 -62 -61 -60 -59 -57 -56 -55 -54 -53 -52 -51 -50 -49 -47 -46 -44 -42 -41 -40 -36 -34 -32 -31 -30 -29 -28 -27 -26 -25 -23 -22 -21 -20 -19 -17 -16 -14 -12 -8 -7 -6 -5 -4 -2 -1 0 3 4 5 7 9 10 11 12 13 14 15 18 19 20 21 23 24 26 27 28 29 30 31 32 34 35 36 37 38 40 41 42 43 44 47 50 51 52 54 56 57 59 60 61 62 65 66 67 69 72 73 74 75 76 77 78 79 80 81 82 83 84 85 86 87 89 90 91 92 93 94 95 98 99 100 102 103 105 106 107 108 109 110 111 112 113 114 116 119 120 121 122 123 126 129 130 132 134 135 137 138 140 141 142 143 144 145 147 150 153 154 155 158 159 160 162 164 166 168 169 170 171 173 174 176 177 178 179 180 181 182 184 185 187 188 189 190 191 192 193 194 195 196 197 198 199 200 202 203 204 207 209 210 211 212 213 214 215 217 219 220 221 222 223 224 225 226 227 228 229 230 234 236 237 238 240 241 242 243 245 246 247 248 250 253 257 259 260 261 265 266 267 268 269 270 271 272 273 275 276 277 279 280 284 285 286 287 288 289 290 291 292 293 294 296 297 301 304 305 306 307 308 309 310 312 313 314 315 316 317 318 320 321 323 324 328 329 330 332 333 334 335 339 340 341 342 343 344 346 347 348 349 350 351 352 353 354 355 357 359 360 361 362 363 364 367 368 369 370 371 372 373 374 375 377 378 379 380 381 383 384 386 387 389 390 393 394 395 396 397 398 399 400 401 403 404 405 407 408 409 411 413 415 416 417 418 419 422 425 426 428 429 432 433 434 437 438 439 441 442 444 445 446 447 448 449 450 453 454 455 458 459 460 463 464 465 466 467 470 472 473 474 476 477 478 479 480 481 483 484 485 486 487 489 490 491 492 494 495 498 499 500 501 502 504 505 507 508 509 510 511 513 514 515 516 517 518 519 521 522 523 524 526 527 530 531 532 533 534 535 536 537 539 542 543 545 546 547 548 551 552 553 555 556 557 558 559 561 562 563 565 568 569 570 571 572 573 574 575 576 578 579 580 581 582 585 587 588 590 592 594 595 598 599 600 601 602 603 604 606 607 610 615 616 617 618 619 620 623 624 625 626 627 628 629 630 633 634 637 639 644 646 648 649 650 651 652 654 655 657 658 659 660 663 665 666 667 668 669 671 672 673 675 676 677 678 679 680 681 683 684 685 687 691 692 693 695 696 697 698 
1000 -497
-700 -699 -698 -697 -696 -695 -694 -693 -692 -691 -689 -688 -686 -684 -683 -682 -681 -679 -678 -677 -676 -674 -673 -672 -671 -669 -668 -667 -666 -665 -664 -663 -662 -661 -659 -658 -657 -656 -655 -654 -652 -651 -650 -649 -648 -647 -646 -644 -643 -642 -641 -640 -639 -638 -636 -635 -634 -633 -632 -631 -628 -627 -626 -625 -624 -623 -620 -618 -617 -616 -615 -613 -612 -611 -610 -609 -608 -606 -605 -604 -603 -602 -601 -600 -599 -598 -595 -594 -593 -592 -591 -589 -588 -587 -585 -584 -583 -582 -581 -580 -576 -575 -574 -573 -572 -571 -569 -568 -567 -566 -565 -564 -563 -562 -561 -560 -558 -557 -555 -554 -553 -552 -551 -550 -549 -548 -547 -546 -544 -541 -540 -538 -537 -536 -535 -533 -532 -530 -529 -528 -527 -526 -524 -522 -521 -520 -519 -518 -517 -516 -514 -513 -512 -511 -509 -508 -507 -506 -503 -501 -500 -499 -497 -496 -495 -493 -491 -490 -489 -487 -486 -485 -484 -482 -481 -480 -479 -478 -477 -476 -475 -474 -473 -472 -470 -469 -467 -465 -464 -463 -462 -461 -459 -457 -456 -454 -453 -450 -448 -446 -445 -444 -442 -441 -440 -439 -438 -437 -436 -433 -432 -430 -428 -426 -425 -424 -423 -422 -421 -420 -419 -418 -417 -413 -412 -410 -408 -407 -406 -404 -403 -402 -401 -400 -398 -397 -396 -395 -394 -392 -391 -390 -389 -388 -387 -385 -384 -383 -382 -379 -378 -376 -375 -374 -373 -370 -369 -368 -366 -365 -364 -363 -362 -361 -359 -356 -354 -353 -351 -349 -348 -347 -346 -344 -343 -341 -340 -339 -337 -336 -334 -332 -330 -329 -328 -327 -326 -325 -323 -321 -319 -316 -315 -314 -313 -312 -311 -310 -309 -308 -307 -306 -304 -302 -301 -300 -299 -298 -297 -296 -294 -293 -292 -290 -287 -285 -284 -281 -280 -279 -278 -275 -273 -272 -271 -270 -269 -268 -267 -266 -265 -264 -263 -262 -261 -260 -259 -256 -254 -253 -251 -250 -248 -247 -246 -245 -244 -241 -240 -239 -236 -235 -234 -233 -232 -231 -230 -228 -226 -225 -224 -222 -220 -219 -217 -214 -213 -210 -209 -208 -205 -204 -203 -200 -199 -196 -195 -193 -192 -190 -189 -188 -187 -186 -184 -183 -182 -180 -179 -178 -176 -174 -170 -169 -168 -167 -166 -165 -163 -160 -159 -158 -157 -156 -153 -152 -151 -150 -148 -147 -146 -145 -144 -141 -140 -139 -138 -137 -136 -134 -133 -130 -129 -128 -127 -126 -125 -124 -123 -122 -121 -118 -117 -116 -113 -112 -111 -109 -108 -107 -106 -105 -101 -100 -98 -97 -95 -93 -92 -90 -89 -88 -86 -84 -83 -82 -80 -79 -78 -77 -76 -75 -73 -70 -66 -65 -64 -63 -61 -59 -57 -55 -54 -53 -52 -51 -50 -49 -47 -45 -44 -43 -42 -41 -39 -38 -37 -35 -34 -33 -31 -30 -29 -28 -27 -26 -25 -23 -21 -20 -19 -18 -17 -14 -12 -11 -10 -9 -7 -5 -4 -3 -2 -1 0 1 2 3 4 5 6 7 8 10 11 12 13 14 16 18 19 20 21 22 23 24 29 30 32 35 36 37 38 39 40 41 42 44 46 47 48 49 50 51 52 54 55 57 59 61 62 63 64 67 68 69 71 73 74 75 78 79 80 82 83 86 87 88 89 90 94 95 96 97 98 99 100 102 105 107 108 109 111 112 115 116 117 118 119 120 121 122 123 125 127 131 132 133 135 137 138 139 140 143 144 145 147 148 149 150 151 152 153 155 156 157 158 159 160 161 163 164 166 167 169 170 171 173 175 176 177 178 179 180 181 183 184 185 187 189 190 191 192 193 195 198 201 204 205 206 208 210 212 215 216 217 219 220 222 223 224 225 226 227 230 231 233 234 235 236 237 238 239 242 244 245 248 249 250 251 252 253 255 258 259 260 262 263 264 265 266 267 268 270 272 276 278 279 281 282 284 285 287 289 291 293 294 296 298 299 300 301 303 304 305 307 308 309 310 316 317 318 319 320 321 322 323 324 330 332 334 338 339 340 341 344 346 347 348 349 350 351 352 353 354 356 358 359 360 361 362 363 366 367 368 369 370 371 372 374 375 376 378 380 381 384 385 386 388 389 390 391 393 394 395 396 397 398 399 400 401 405 406 407 408 410 411 412 413 414 415 416 417 418 419 420 423 425 426 427 429 430 432 433 435 438 439 441 443 444 445 447 450 451 452 453 454 455 456 459 460 461 462 463 464 467 469 470 471 474 475 476 477 479 481 483 484 485 488 491 493 494 495 497 499 502 504 505 507 508 509 511 512 513 514 515 517 519 520 521 522 523 524 526 528 529 534 535 536 538 540 541 544 545 546 547 548 549 551 552 553 554 555 556 557 558 559 561 563 566 568 569 570 571 572 573 574 575 577 578 579 580 582 583 584 585 586 587 588 589 591 592 593 594 595 598 599 601 602 604 605 606 607 608 609 610 611 612 613 614 615 616 617 618 619 620 621 622 625 626 627 630 632 633 634 635 636 638 639 641 642 643 644 647 650 651 653 657 658 659 662 663 664 665 666 667 668 670 671 672 674 675 676 677 680 682 683 684 686 687 689 690 691 692 693 695 696 697 698 699 
1000 267
-700 -699 -698 -697 -696 -695 -694 -693 -692 -691 -690 -687 -686 -685 -683 -682 -681 -680 -672 -671 -670 -669 -668 -667 -664 -663 -662 -661 -660 -659 -658 -657 -654 -652 -651 -650 -649 -647 -646 -644 -643 -640 -639 -638 -637 -635 -632 -631 -630 -627 -626 -625 -624 -623 -622 -621 -617 -616 -615 -614 -613 -612 -610 -607 -606 -604 -601 -600 -599 -597 -596 -595 -594 -593 -592 -591 -589 -587 -585 -584 -583 -581 -579 -578 -576 -575 -574 -573 -572 -570 -568 -567 -566 -564 -563 -560 -559 -558 -557 -556 -555 -553 -552 -551 -550 -547 -545 -543 -542 -541 -540 -539 -538 -535 -534 -533 -531 -530 -529 -528 -527 -526 -525 -524 -523 -522 -521 -520 -519 -518 -516 -515 -513 -512 -511 -510 -509 -507 -504 -502 -500 -499 -498 -497 -496 -495 -493 -492 -491 -490 -489 -488 -486 -485 -484 -480 -479 -478 -477 -476 -475 -474 -472 -471 -470 -469 -468 -467 -466 -465 -464 -463 -461 -460 -459 -458 -457 -453 -452 -451 -449 -447 -446 -444 -443 -442 -441 -440 -437 -436 -433 -432 -431 -429 -428 -427 -426 -424 -423 -420 -418 -417 -416 -415 -414 -413 -412 -411 -407 -406 -405 -403 -402 -400 -398 -397 -396 -395 -394 -392 -390 -389 -387 -386 -385 -382 -377 -376 -375 -372 -371 -370 -369 -368 -367 -366 -365 -364 -361 -358 -357 -356 -354 -352 -351 -350 -349 -348 -347 -346 -345 -344 -343 -342 -341 -340 -339 -338 -337 -336 -334 -333 -332 -331 -330 -329 -328 -327 -325 -324 -323 -322 -321 -320 -319 -317 -316 -315 -314 -313 -312 -311 -308 -307 -306 -304 -302 -301 -297 -296 -295 -294 -293 -291 -289 -288 -287 -286 -284 -283 -282 -281 -279 -277 -276 -275 -273 -272 -271 -270 -269 -268 -267 -266 -264 -263 -262 -260 -259 -258 -257 -256 -255 -253 -252 -251 -249 -248 -247 -246 -245 -244 -242 -241 -240 -238 -237 -236 -235 -234 -232 -231 -229 -227 -226 -225 -224 -222 -220 -219 -218 -217 -216 -215 -214 -213 -212 -211 -208 -207 -206 -205 -204 -201 -200 -199 -198 -197 -195 -194 -193 -192 -190 -189 -188 -186 -184 -183 -182 -180 -178 -177 -176 -175 -174 -173 -172 -171 -170 -168 -167 -164 -163 -162 -161 -160 -158 -156 -155 -154 -152 -150 -149 -148 -147 -145 -143 -142 -141 -139 -138 -137 -136 -135 -134 -133 -128 -127 -126 -125 -124 -122 -121 -120 -119 -118 -115 -114 -113 -112 -110 -108 -106 -104 -103 -101 -100 -99 -98 -95 -94 -93 -91 -88 -86 -85 -84 -83 -81 -80 -79 -78 -77 -76 -75 -74 -73 -72 -71 -69 -68 -67 -66 -64 -63 -62 -61 -60 -58 -57 -55 -51 -50 -49 -48 -47 -46 -44 -43 -42 -40 -39 -38 -37 -34 -32 -30 -29 -27 -26 -25 -24 -20 -19 -18 -16 -15 -14 -13 -12 -11 -10 -9 -8 -7 -6 -4 -2 -1 0 1 2 3 4 5 6 7 8 9 10 11 12 13 15 16 17 18 19 20 21 22 23 24 25 26 28 29 30 31 32 33 34 35 37 39 42 43 44 46 47 48 49 51 52 53 55 56 57 58 60 61 62 63 64 66 67 68 71 72 74 76 79 80 81 82 83 84 85 87 88 89 90 91 94 95 96 97 102 104 105 108 109 111 112 113 114 117 119 120 123 124 126 129 130 131 132 134 135 137 139 140 143 144 145 147 148 149 150 151 153 154 155 156 157 158 159 161 162 163 164 165 167 168 170 172 173 175 176 177 178 181 183 184 185 186 188 190 191 192 193 194 195 196 197 198 199 200 202 203 204 205 206 207 208 210 211 212 217 218 219 221 222 223 224 225 226 227 228 229 230 231 232 233 234 236 238 239 240 241 242 243 244 246 247 248 249 250 252 254 255 256 257 258 259 261 262 263 265 266 267 268 269 271 272 276 277 279 280 283 284 286 287 289 290 291 292 293 294 295 296 297 298 300 301 302 303 305 308 309 310 311 312 314 316 317 318 319 320 321 324 325 326 328 329 330 332 333 334 335 338 339 340 341 342 344 345 346 347 348 349 350 352 353 354 355 358 359 360 361 363 364 365 366 367 368 369 370 371 372 376 379 380 381 382 383 384 385 386 387 388 389 390 392 395 397 398 399 400 401 402 403 405 406 409 410 415 416 418 419 420 421 422 423 424 425 426 428 430 432 433 435 436 437 438 439 440 441 442 443 444 445 447 453 454 456 458 460 462 463 464 466 469 470 474 477 478 479 480 481 482 483 484 485 486 487 488 489 490 491 492 493 494 498 500 501 502 505 508 509 510 511 512 513 515 517 518 519 521 523 524 525 526 527 528 531 532 533 535 536 538 539 545 546 547 548 551 552 557 560 561 562 563 565 566 567 568 569 571 574 576 577 580 584 589 590 592 595 596 598 599 601 602 605 606 608 609 611 615 619 620 621 622 623 624 626 628 629 631 632 633 635 638 639 640 641 642 643 644 645 647 649 651 652 653 654 655 656 657 658 659 660 661 662 665 666 667 668 670 671 672 673 674 675 678 679 681 682 683 685 686 687 688 689 690 691 692 693 694 697 698 
1000 -242
-700 -699 -698 -696 -695 -694 -693 -692 -690 -689 -688 -687 -686 -685 -683 -682 -681 -679 -678 -677 -676 -675 -674 -673 -672 -671 -670 -668 -667 -666 -665 -664 -662 -661 -659 -658 -657 -656 -655 -654 -650 -649 -648 -646 -645 -644 -643 -641 -640 -639 -638 -636 -635 -634 -633 -632 -629 -628 -626 -625 -624 -623 -622 -621 -620 -618 -616 -614 -611 -607 -605 -604 -603 -601 -597 -596 -595 -593 -592 -591 -588 -587 -586 -585 -583 -582 -581 -578 -577 -576 -575 -574 -573 -572 -571 -570 -569 -565 -563 -562 -560 -555 -554 -553 -552 -551 -548 -547 -546 -544 -543 -542 -540 -538 -537 -536 -535 -533 -532 -529 -528 -527 -526 -525 -524 -523 -522 -520 -517 -515 -514 -513 -512 -511 -510 -509 -508 -507 -504 -503 -502 -501 -500 -499 -498 -497 -496 -494 -493 -491 -489 -487 -486 -484 -483 -481 -480 -478 -477 -475 -474 -473 -471 -470 -468 -465 -463 -462 -457 -456 -455 -454 -453 -452 -448 -447 -445 -444 -443 -440 -439 -438 -437 -436 -435 -430 -429 -428 -426 -425 -424 -423 -422 -421 -419 -418 -417 -415 -413 -412 -411 -410 -409 -408 -407 -406 -405 -404 -403 -402 -400 -399 -398 -397 -394 -393 -392 -391 -389 -388 -386 -384 -383 -381 -380 -379 -378 -377 -376 -375 -374 -372 -371 -370 -369 -368 -367 -366 -365 -364 -363 -362 -361 -360 -358 -357 -354 -353 -352 -351 -350 -349 -348 -347 -346 -343 -341 -340 -339 -338 -336 -334 -332 -331 -330 -329 -328 -327 -326 -325 -324 -323 -321 -320 -318 -316 -314 -313 -311 -309 -308 -307 -306 -305 -304 -302 -301 -297 -296 -294 -292 -291 -289 -288 -287 -286 -284 -283 -282 -280 -277 -276 -275 -273 -272 -269 -266 -265 -264 -262 -261 -260 -258 -257 -256 -255 -253 -250 -248 -247 -246 -245 -244 -243 -242 -240 -238 -237 -236 -234 -233 -232 -231 -230 -229 -228 -227 -226 -225 -224 -223 -221 -217 -215 -213 -212 -211 -210 -209 -206 -205 -203 -202 -201 -200 -199 -198 -195 -194 -193 -192 -191 -190 -188 -187 -186 -185 -182 -180 -179 -178 -177 -176 -175 -174 -171 -169 -167 -166 -165 -163 -162 -160 -159 -157 -156 -155 -152 -151 -150 -149 -147 -146 -145 -144 -142 -141 -140 -139 -138 -137 -136 -135 -134 -132 -130 -129 -128 -127 -126 -123 -122 -120 -119 -118 -117 -116 -115 -113 -112 -111 -108 -107 -104 -101 -99 -98 -97 -96 -95 -94 -93 -92 -91 -90 -89 -87 -85 -82 -80 -79 -78 -76 -75 -74 -73 -72 -71 -70 -69 -68 -67 -64 -63 -62 -61 -60 -57 -55 -54 -53 -52 -51 -50 -46 -45 -43 -42 -41 -40 -39 -38 -35 -34 -33 -32 -31 -30 -28 -27 -26 -25 -23 -22 -20 -18 -17 -13 -12 -11 -10 -8 -6 -5 -2 1 2 3 4 5 6 7 8 11 13 14 15 16 18 19 22 23 25 27 28 29 31 33 34 37 39 40 41 44 45 46 47 48 49 51 52 53 54 57 58 59 61 63 64 65 67 68 70 71 72 73 74 75 76 77 79 81 82 83 84 85 86 87 88 91 92 93 94 95 97 99 100 102 104 105 110 111 112 113 114 118 121 122 125 126 127 128 129 131 133 135 136 138 140 141 142 143 144 145 148 150 151 152 153 155 157 158 159 161 162 163 167 168 169 173 174 175 176 177 178 179 180 181 183 186 187 188 189 190 192 193 194 195 196 197 198 199 200 201 202 203 204 205 206 207 208 212 213 214 216 217 218 219 220 221 222 223 224 225 226 227 228 229 232 234 235 240 241 242 243 244 247 248 249 250 251 252 253 254 256 257 258 259 261 262 264 265 267 268 269 270 271 272 273 274 276 277 279 280 281 282 283 286 287 289 290 293 294 295 296 297 298 299 300 301 303 304 305 306 307 308 309 312 313 314 315 317 318 319 320 321 322 323 324 325 326 327 328 331 332 334 337 340 341 342 343 344 345 346 347 348 349 352 353 354 356 357 358 359 361 362 363 364 365 366 367 368 369 371 374 375 377 378 380 381 382 383 384 385 386 388 389 391 392 393 396 397 399 400 401 403 404 405 407 411 412 413 414 416 420 421 422 423 425 426 427 428 430 431 432 433 435 438 440 441 442 443 445 449 450 451 452 453 454 455 457 458 459 460 461 464 465 466 467 468 469 470 471 472 473 474 475 478 479 480 481 482 483 484 486 487 488 489 490 491 492 493 494 495 496 497 498 499 500 501 502 503 505 506 508 510 511 513 514 515 516 517 518 519 520 522 523 524 525 526 527 528 529 530 531 533 534 535 536 538 541 542 543 546 549 551 555 556 557 558 561 562 564 565 566 567 568 571 574 575 577 578 582 583 584 585 589 591 592 594 595 596 597 598 599 600 601 602 603 604 606 607 608 609 610 615 616 617 618 619 620 621 622 623 626 627 628 629 630 631 633 634 635 636 637 638 639 641 643 645 646 648 649 650 651 653 654 655 656 657 658 659 661 662 663 664 665 666 667 673 674 675 677 678 679 681 682 683 684 685 687 688 690 692 694 695 696 697 698 699 
